413
-357
-425
-124
-75
-129
-90
-78
-90
-75
-61
-53
-41
-26
-22
-22
-14
2
9
17
26
41
56
68
75
92
114
127
144
173
205
234
256
276
291
303
308
293
249
183
114
48
-17
-66
-88
-97
-102
-102
-100
-85
-68
-66
-61
-46
-34
-26
-26
-26
-17
-9
-7
-7
-12
-31
-36
-22
-19
-22
-12
-4
-7
-9
-9
-4
2
7
12
14
14
7
4
12
19
22
29
31
29
22
12
17
24
17
2
7
14
17
17
14
9
12
19
26
22
22
36
48
41
26
22
24
24
19
22
22
92
391
895
1259
1053
234
-454
-405
-141
-136
-149
-100
-97
-95
-66
-61
-66
-48
-26
-19
-12
4
17
26
34
41
53
66
75
85
102
124
141
156
180
210
234
251
273
293
303
295
266
217
154
73
0
-51
-80
-97
-110
-122
-117
-102
-92
-88
-85
-78
-68
-56
-48
-51
-48
-34
-19
-14
-17
-9
4
2
-14
-19
-9
-4
-9
-9
-4
-2
-2
-4
-7
-4
0
4
2
-4
-2
4
0
-7
-4
2
4
2
2
7
14
14
12
9
12
14
12
7
7
12
14
7
4
24
36
12
-9
-4
7
4
0
-7
9
176
591
1076
1225
699
-188
-528
-237
-78
-141
-119
-75
-83
-73
-53
-53
-44
-24
-17
-17
-9
4
17
26
34
39
56
70
73
85
110
129
144
163
195
229
256
283
305
322
325
308
271
217
144
66
-2
-46
-70
-85
-97
-107
-105
-90
-80
-78
-78
-66
-56
-48
-48
-44
-29
-22
-36
-44
-24
-9
-9
-12
-9
-2
0
-2
-4
0
4
4
0
-2
0
4
0
0
7
12
7
0
2
9
12
7
4
9
14
14
19
24
26
29
24
19
22
26
29
34
29
19
29
46
36
9
2
4
-2
-22
-24
-22
12
234
709
1159
1137
445
-342
-437
-132
-75
-132
-88
-66
-78
-58
-34
-31
-29
-24
-14
-4
2
7
12
22
39
48
51
63
78
90
110
129
151
180
210
232
249
276
298
305
300
278
242
180
105
29
-29
-70
-97
-112
-112
-110
-110
-112
-114
-119
-114
-107
-100
-92
-83
-70
-61
-56
-44
-36
-36
-31
-19
-12
-12
-7
-2
0
-2
-7
-7
-2
0
4
14
14
9
4
4
7
12
7
0
0
4
2
-4
-9
-12
-9
-4
0
-2
-2
0
-2
2
19
29
24
24
36
34
-4
-31
-24
-22
-24
-22
-29
-19
158
591
1066
1181
650
-198
-508
-251
-127
-163
-119
-92
-107
-85
-63
-66
-61
-44
-31
-19
-17
-17
0
17
19
24
36
46
61
80
95
102
129
158
176
193
227
259
273
286
298
291
249
183
110
39
-19
-66
-92
-102
-110
-112
-112
-105
-107
-117
-105
-85
-85
-90
-85
-73
-66
-61
-56
-53
-46
-39
-39
-44
-36
-29
-24
-19
-22
-19
-9
-4
-12
-19
-14
-9
-12
-17
-14
-9
-9
-12
-12
-12
-7
-4
-12
-14
-7
-9
-22
-26
-19
-7
-9
-12
0
17
12
-19
-46
-36
-22
-29
-36
-39
14
273
775
1212
1137
391
-403
-476
-176
-127
-158
-112
-107
-117
-88
-75
-83
-73
-48
-39
-39
-34
-26
-14
0
9
14
31
48
61
73
88
110
136
163
185
207
239
269
286
298
298
278
229
156
75
2
-48
-83
-102
-119
-129
-127
-112
-105
-105
-105
-92
-83
-88
-97
-92
-73
-68
-68
-63
-51
-44
-39
-39
-36
-29
-24
-26
-26
-22
-22
-26
-29
-24
-19
-24
-31
-26
-17
-12
-12
-12
-7
0
2
-2
0
7
7
7
12
19
19
12
7
17
26
19
12
24
24
-4
-26
-26
-29
-24
-17
-29
-36
63
403
914
1242
963
100
-511
-366
-102
-127
-149
-105
-105
-105
-78
-68
-61
-41
-29
-26
-22
-9
0
4
9
22
34
46
58
68
83
102
127
146
166
190
217
246
269
286
298
298
264
200
124
56
-7
-61
-97
-112
-117
-127
-127
-122
-129
-134
-124
-119
-112
-100
-95
-97
-90
-73
-63
-61
-58
-48
-44
-41
-34
-22
-17
-19
-24
-19
-12
-12
-9
0
2
-2
-7
-4
2
2
-2
-4
0
4
-2
-7
0
2
-2
-4
0
4
7
4
2
2
7
9
7
9
12
17
31
31
9
-2
-14
-36
-39
-24
-29
-26
122
528
1027
1205
706
-176
-540
-266
-97
-161
-149
-105
-112
-105
-85
-75
-70
-66
-61
-44
-34
-31
-24
-9
7
17
29
51
70
80
92
105
129
158
180
198
220
246
273
291
291
271
237
176
95
22
-31
-73
-102
-136
-151
-139
-134
-139
-127
-105
-95
-88
-78
-68
-61
-56
-56
-48
-36
-29
-24
-17
-9
-12
-17
-14
-7
-9
-17
-14
-9
-14
-24
-29
-24
-17
-19
-26
-26
-19
-17
-22
-19
-14
-9
-9
-12
-7
-2
0
2
7
12
17
17
12
12
7
-17
-24
-9
-12
-9
7
4
-22
-34
-26
-24
-24
-19
-17
0
156
572
1066
1215
689
-185
-525
-256
-112
-163
-132
-100
-117
-107
-88
-83
-73
-56
-48
-48
-39
-19
-12
-12
0
17
31
46
61
75
90
107
129
163
190
212
234
254
273
293
295
273
229
151
56
-17
-66
-112
-144
-161
-166
-158
-154
-156
-151
-139
-129
-127
-119
-107
-97
-95
-92
-80
-66
-63
-63
-58
-48
-41
-34
-31
-29
-19
-17
-22
-26
-22
-19
-19
-22
-24
-19
-17
-22
-24
-19
-17
-17
-17
-14
-7
0
0
-4
-4
-2
-9
-29
-36
-24
-19
-14
-14
-14
-4
12
2
-22
-26
-17
-12
-12
-19
-31
9
246
726
1181
1171
469
-364
-493
-190
-117
-158
-117
-107
-117
-92
-83
-90
-78
-58
-58
-51
-36
-29
-26
-14
0
14
29
36
44
63
88
105
117
141
173
200
222
242
266
278
264
220
166
102
26
-44
-100
-134
-151
-163
-171
-168
-154
-146
-141
-134
-119
-112
-112
-110
-95
-85
-83
-80
-68
-58
-58
-63
-53
-44
-46
-48
-41
-31
-39
-44
-39
-31
-26
-31
-31
-24
-19
-22
-14
-4
-2
-4
-4
-7
-7
-2
2
-4
-14
-29
-36
-36
-39
-44
-39
-31
-29
-19
-2
4
0
7
19
14
-4
-14
-17
-19
-17
-19
-24
56
381
902
1254
995
134
-498
-364
-92
-117
-141
-88
-83
-90
-68
-53
-51
-39
-31
-34
-26
-9
0
7
7
12
31
48
56
63
83
105
124
149
178
207
234
256
273
286
283
261
227
171
92
19
-36
-90
-132
-144
-144
-141
-134
-122
-110
-102
-95
-95
-90
-78
-73
-75
-73
-66
-56
-51
-51
-48
-39
-31
-34
-31
-26
-22
-22
-26
-22
-17
-19
-26
-22
-14
-12
-9
-14
-19
-14
-7
-12
-17
-19
-31
-48
-44
-39
-39
-31
-34
-44
-41
-29
-26
-36
-39
-29
-19
-9
-7
-7
0
14
12
-4
-14
-14
-17
-12
-7
-17
14
242
706
1149
1134
440
-366
-471
-158
-92
-161
-127
-100
-107
-95
-80
-75
-61
-44
-41
-34
-17
-4
2
9
24
34
39
46
66
85
92
97
117
136
144
166
198
215
232
251
251
224
183
122
46
-29
-80
-112
-139
-156
-154
-141
-134
-129
-119
-112
-102
-97
-97
-85
-73
-73
-73
-68
-61
-51
-48
-48
-46
-36
-29
-31
-39
-36
-24
-24
-36
-39
-26
-22
-24
-26
-24
-19
-22
-24
-19
-17
-29
-53
-56
-44
-41
-41
-36
-36
-39
-34
-34
-41
-41
-31
-29
-34
-34
-17
-2
-4
0
17
24
7
-14
-14
-12
-14
-9
-7
17
222
682
1132
1154
515
-305
-481
-198
-124
-161
-110
-97
-117
-92
-75
-83
-75
-58
-44
-34
-29
-26
-12
4
14
24
41
51
44
39
61
88
100
122
154
185
212
234
244
254
266
251
202
127
51
-17
-78
-124
-141
-151
-158
-161
-149
-134
-122
-114
-107
-97
-85
-78
-78
-73
-58
-51
-56
-58
-48
-41
-41
-44
-39
-31
-26
-29
-39
-36
-29
-26
-34
-36
-31
-26
-24
-29
-24
-19
-34
-53
-44
-29
-26
-31
-34
-29
-29
-31
-31
-29
-26
-24
-19
-19
-19
-7
7
4
-9
-19
-22
-26
-31
-24
-29
-14
176
630
1132
1249
667
-227
-523
-237
-107
-154
-112
-83
-97
-83
-66
-63
-51
-41
-44
-34
-17
-9
-7
-2
12
26
31
39
58
78
90
88
100
134
166
183
210
242
261
271
281
269
222
151
68
-12
-70
-110
-136
-156
-161
-154
-146
-146
-139
-127
-119
-117
-110
-97
-85
-78
-73
-61
-48
-44
-41
-39
-31
-22
-17
-14
-7
-7
-12
-19
-17
-17
-19
-26
-31
-39
-53
-56
-48
-53
-56
-44
-36
-41
-44
-34
-26
-26
-22
-14
-12
-14
-24
-26
-19
-17
-17
-9
-9
-7
9
14
-7
-24
-22
-19
-19
-17
-24
-17
134
547
1058
1244
740
-161
-528
-246
-75
-146
-139
-95
-105
-100
-70
-61
-56
-46
-44
-36
-22
-17
-14
-9
-14
-22
-7
14
26
41
58
70
90
122
151
173
193
222
249
266
273
264
224
156
78
4
-46
-88
-122
-139
-144
-136
-129
-129
-127
-117
-105
-100
-102
-105
-97
-85
-78
-75
-73
-63
-53
-46
-41
-31
-24
-24
-26
-31
-29
-24
-22
-29
-46
-61
-63
-58
-63
-66
-58
-51
-48
-53
-48
-41
-46
-46
-34
-29
-29
-29
-34
-31
-24
-26
-34
-36
-31
-26
-26
-22
-14
-14
-12
-2
-7
-22
-26
-29
-36
-31
-24
-36
4
266
753
1171
1085
342
-408
-437
-144
-114
-156
-112
-105
-122
-102
-83
-80
-75
-68
-61
-48
-44
-44
-48
-51
-41
-29
-17
2
19
29
41
66
95
122
154
180
207
232
251
259
259
242
193
122
53
-9
-61
-100
-129
-144
-139
-134
-136
-129
-117
-110
-110
-110
-97
-83
-78
-80
-78
-68
-56
-51
-46
-41
-36
-31
-29
-31
-34
-51
-70
-66
-56
-58
-53
-48
-58
-61
-48
-46
-51
-51
-41
-39
-41
-44
-39
-29
-24
-19
-17
-12
-12
-17
-26
-26
-22
-24
-34
-39
-31
-17
-12
-17
-9
4
0
-24
-31
-22
-26
-39
-36
-39
12
281
772
1168
1036
261
-464
-440
-154
-149
-178
-119
-112
-124
-100
-83
-80
-68
-56
-56
-51
-53
-63
-56
-39
-24
-7
7
14
24
46
70
85
100
132
168
198
224
251
273
283
273
249
205
134
53
-7
-48
-85
-122
-144
-141
-132
-124
-117
-112
-107
-102
-95
-92
-90
-75
-66
-68
-66
-53
-44
-39
-34
-24
-17
-17
-24
-22
-12
-12
-12
-9
-9
-17
-36
-58
-53
-39
-44
-51
-41
-39
-39
-39
-39
-34
-29
-29
-34
-34
-29
-29
-36
-44
-39
-31
-29
-26
-22
-14
0
14
9
-9
-19
-22
-26
-24
-24
-31
58
396
919
1264
1007
154
-491
-388
-139
-154
-154
-102
-114
-124
-107
-114
-112
-92
-88
-85
-63
-46
-39
-26
-9
-4
-2
12
34
51
63
85
112
139
163
185
210
237
261
276
281
269
237
180
105
22
-44
-85
-114
-139
-151
-149
-139
-129
-122
-110
-100
-95
-92
-92
-85
-75
-73
-73
-68
-58
-51
-53
-56
-63
-73
-73
-68
-66
-63
-61
-66
-61
-53
-51
-51
-56
-48
-39
-39
-36
-31
-24
-19
-19
-19
-14
-9
-12
-17
-17
-12
-17
-26
-29
-24
-19
-19
-24
-19
-7
-2
-7
-4
2
-7
-24
-34
-34
-29
-26
-36
-14
185
643
1129
1217
606
-266
-515
-217
-97
-171
-163
-134
-136
-124
-107
-105
-100
-83
-70
-58
-53
-53
-41
-22
-17
-14
2
22
34
41
58
83
107
129
156
188
212
237
251
261
269
256
205
132
58
-7
-68
-112
-136
-144
-146
-146
-146
-136
-124
-117
-117
-112
-97
-85
-80
-73
-63
-56
-53
-53
-48
-46
-58
-73
-63
-46
-46
-46
-46
-48
-46
-39
-39
-46
-48
-44
-41
-48
-48
-41
-36
-44
-44
-34
-26
-26
-24
-17
-12
-7
-12
-22
-22
-22
-24
-24
-29
-26
-22
-22
-17
-9
-9
0
9
-7
-29
-29
-29
-39
-36
-29
-36
14
291
787
1190
1049
251
-479
-457
-166
-154
-198
-149
-134
-149
-132
-119
-114
-97
-88
-88
-73
-61
-58
-51
-34
-17
-2
2
9
29
51
66
90
119
146
166
185
215
244
264
276
278
259
205
132
56
-9
-61
-92
-114
-134
-141
-134
-127
-122
-117
-105
-95
-102
-112
-107
-90
-83
-80
-78
-66
-58
-56
-56
-48
-44
-41
-44
-44
-36
-31
-34
-36
-34
-31
-29
-36
-41
-31
-26
-39
-41
-34
-26
-29
-29
-26
-24
-22
-19
-12
-7
-9
-14
-17
-17
-14
-14
-22
-22
-14
-12
-17
-26
-29
-14
-7
-17
-14
2
-2
-34
-51
-48
-41
-39
-41
-41
17
281
750
1144
1051
315
-440
-469
-171
-141
-183
-139
-129
-134
-117
-110
-105
-83
-73
-78
-75
-61
-46
-34
-29
-22
-7
9
19
26
44
66
78
95
127
163
195
215
229
251
271
271
246
190
129
58
-17
-78
-117
-141
-154
-161
-173
-185
-180
-168
-166
-158
-141
-132
-132
-127
-105
-88
-83
-73
-63
-58
-58
-61
-51
-41
-41
-39
-29
-26
-26
-24
-31
-36
-31
-26
-34
-41
-44
-36
-36
-39
-41
-34
-34
-41
-44
-34
-29
-26
-22
-17
-14
-12
-14
-19
-17
-14
-12
-7
-14
-19
-9
2
-9
-48
-70
-63
-56
-56
-51
-51
14
308
829
1225
1066
261
-462
-430
-149
-146
-168
-107
-105
-112
-85
-70
-70
-56
-48
-46
-36
-26
-22
-19
-7
9
24
34
44
61
83
102
114
129
158
193
217
244
271
288
295
293
261
207
132
46
-26
-83
-134
-171
-180
-180
-173
-161
-151
-151
-144
-129
-124
-127
-122
-110
-97
-90
-80
-66
-53
-44
-46
-48
-39
-29
-31
-36
-34
-31
-29
-29
-36
-39
-29
-24
-26
-31
-29
-19
-19
-19
-14
-7
-9
-9
-9
-9
-4
-2
-7
-12
-9
-7
-4
-12
-17
-12
-12
-19
-29
-46
-48
-31
-29
-41
-51
-51
-53
-51
-36
-39
-41
75
457
987
1264
887
-12
-535
-330
-102
-156
-166
-112
-117
-122
-102
-92
-85
-70
-66
-58
-44
-31
-24
-12
4
19
29
34
44
63
80
90
102
127
154
183
212
234
254
273
278
256
210
141
73
0
-70
-110
-132
-149
-156
-149
-141
-134
-129
-122
-110
-100
-97
-97
-90
-80
-73
-70
-70
-61
-48
-41
-34
-31
-29
-24
-26
-31
-26
-19
-19
-26
-29
-22
-17
-19
-19
-12
-7
-14
-17
-12
-4
-9
-19
-19
-14
-12
-17
-22
-19
-17
-17
-24
-26
-22
-19
-24
-44
-66
-58
-39
-44
-53
-34
-12
-24
-48
-58
-51
-44
-36
-39
-53
9
305
804
1183
1022
237
-462
-425
-141
-127
-161
-114
-105
-114
-95
-80
-83
-73
-53
-44
-41
-39
-29
-14
-4
0
7
22
31
41
56
75
92
107
124
139
151
176
202
220
232
229
200
151
92
14
-61
-112
-139
-158
-173
-176
-168
-154
-146
-141
-132
-119
-110
-100
-88
-78
-70
-68
-68
-61
-51
-46
-46
-44
-41
-34
-29
-31
-36
-29
-26
-29
-31
-24
-19
-24
-31
-26
-19
-24
-26
-22
-14
-12
-9
-4
-4
-9
-17
-9
0
-12
-34
-34
-22
-22
-26
-24
-17
-17
-22
-12
-7
-17
-14
-2
-9
-31
-39
-34
-29
-29
-29
-34
7
237
706
1156
1146
462
-347
-471
-173
-107
-154
-112
-100
-110
-85
-73
-80
-70
-46
-39
-39
-34
-24
-9
0
7
24
44
48
51
70
95
102
105
134
168
193
217
239
254
269
278
264
212
141
73
0
-68
-112
-132
-141
-146
-149
-149
-141
-129
-119
-110
-95
-85
-83
-80
-80
-70
-58
-53
-53
-51
-46
-36
-36
-41
-39
-29
-34
-44
-41
-29
-24
-22
-17
-17
-19
-22
-24
-26
-24
-22
-17
-14
-19
-36
-51
-48
-46
-46
-39
-39
-48
-48
-39
-34
-24
-19
-22
-12
0
0
-12
-24
-26
-24
-29
-31
-31
17
269
765
1203
1154
435
-381
-486
-183
-124
-156
-102
-88
-97
-78
-68
-70
-53
-39
-34
-24
-9
0
2
7
17
29
39
51
63
63
61
78
97
117
146
185
212
232
251
269
271
246
190
117
46
-24
-83
-124
-144
-154
-161
-163
-156
-141
-134
-134
-132
-117
-110
-110
-105
-92
-85
-85
-80
-68
-61
-53
-48
-44
-34
-24
-22
-26
-31
-26
-22
-24
-26
-31
-34
-29
-24
-31
-36
-31
-26
-26
-29
-24
-17
-22
-39
-48
-39
-34
-39
-39
-36
-34
-34
-34
-24
-19
-24
-17
-4
-12
-31
-39
-44
-46
-41
-44
-53
63
449
980
1249
855
-44
-552
-339
-122
-168
-168
-117
-122
-122
-95
-88
-83
-70
-66
-61
-48
-34
-26
-22
-17
0
9
2
-4
9
39
51
63
92
127
154
183
212
239
256
259
246
217
154
70
-4
-61
-107
-139
-154
-163
-163
-149
-136
-134
-134
-119
-105
-97
-90
-80
-73
-66
-58
-61
-56
-46
-41
-39
-36
-34
-29
-24
-31
-34
-26
-26
-36
-41
-39
-39
-44
-46
-39
-36
-48
-68
-75
-66
-61
-66
-61
-48
-46
-41
-34
-29
-26
-26
-31
-31
-26
-24
-24
-17
-14
-14
0
9
-4
-26
-29
-24
-24
-22
-22
-34
17
295
804
1200
1041
246
-452
-410
-124
-122
-163
-112
-100
-110
-88
-70
-70
-66
-56
-44
-36
-31
-29
-26
-31
-34
-24
-14
-4
17
34
41
61
90
112
129
158
190
215
229
234
237
220
168
100
29
-36
-90
-127
-144
-149
-151
-146
-129
-119
-114
-105
-97
-100
-95
-83
-75
-73
-75
-70
-56
-46
-44
-34
-26
-26
-29
-29
-26
-22
-26
-34
-34
-29
-31
-36
-39
-51
-68
-68
-68
-66
-61
-61
-70
-70
-56
-53
-63
-70
-61
-48
-46
-51
-48
-41
-39
-41
-39
-34
-29
-22
-17
-24
-17
2
-2
-31
-41
-34
-26
-24
-29
-46
-4
239
706
1132
1105
408
-381
-469
-166
-114
-163
-124
-107
-110
-92
-85
-90
-80
-83
-95
-85
-70
-61
-48
-34
-29
-26
-9
9
19
29
53
80
105
129
156
185
217
239
251
264
264
242
188
117
41
-26
-85
-127
-146
-156
-161
-161
-156
-144
-127
-117
-114
-110
-97
-85
-83
-83
-70
-63
-63
-53
-44
-39
-41
-46
-41
-34
-34
-31
-24
-24
-29
-29
-34
-48
-70
-78
-68
-66
-66
-58
-48
-46
-44
-39
-34
-31
-26
-19
-19
-19
-17
-14
-17
-24
-24
-17
-12
-4
-2
-2
7
22
22
4
-7
-4
-4
-2
-4
-17
44
344
860
1256
1112
320
-427
-427
-141
-122
-141
-88
-88
-95
-73
-58
-53
-44
-53
-66
-51
-34
-29
-17
2
14
22
34
51
61
66
85
112
134
158
193
224
244
264
286
303
298
266
210
136
58
-9
-63
-100
-122
-132
-132
-124
-117
-112
-107
-102
-92
-83
-73
-68
-63
-58
-48
-39
-36
-29
-24
-24
-19
-9
-7
-9
-9
-7
-4
-14
-39
-48
-44
-41
-46
-39
-34
-36
-36
-31
-26
-24
-24
-19
-17
-19
-17
-14
-19
-29
-31
-29
-24
-22
-22
-19
-19
-17
-4
0
-2
7
17
4
-19
-26
-24
-22
-22
-29
-36
51
386
914
1269
1014
144
-506
-379
-105
-134
-166
-112
-110
-132
-127
-110
-100
-92
-80
-66
-56
-51
-39
-26
-24
-17
2
17
29
41
61
80
100
122
149
178
207
234
259
276
283
276
244
176
92
19
-44
-90
-122
-141
-144
-144
-141
-134
-119
-114
-112
-105
-97
-90
-88
-80
-73
-66
-63
-56
-44
-39
-36
-31
-29
-34
-48
-53
-44
-44
-51
-46
-39
-44
-44
-36
-36
-36
-34
-29
-24
-26
-31
-29
-24
-22
-24
-19
-22
-22
-22
-22
-19
-22
-22
-19
-19
-19
-17
-14
-14
-7
4
-4
-17
-7
4
-12
-31
-36
-31
-29
-26
-36
-41
70
442
958
1225
848
-41
-560
-352
-124
-178
-188
-134
-134
-136
-112
-102
-100
-85
-73
-63
-53
-46
-39
-24
-9
-2
9
19
31
46
63
78
92
114
144
171
198
222
244
264
273
264
234
176
97
22
-39
-83
-112
-129
-136
-139
-136
-127
-124
-127
-122
-112
-102
-95
-90
-85
-78
-83
-102
-105
-88
-78
-78
-70
-61
-61
-61
-53
-46
-48
-48
-44
-41
-44
-41
-39
-36
-34
-34
-29
-29
-34
-31
-24
-24
-24
-24
-22
-19
-24
-26
-24
-24
-26
-26
-22
-17
-19
-17
-12
-14
-17
-14
-2
0
-12
-9
7
2
-22
-31
-31
-41
-56
-66
-73
-34
207
687
1117
1071
366
-413
-491
-195
-146
-188
-144
-129
-136
-112
-95
-92
-83
-68
-66
-61
-46
-34
-22
-12
-4
4
17
31
46
61
75
92
114
139
166
195
215
234
254
269
269
249
202
136
63
-7
-63
-107
-134
-141
-144
-146
-141
-134
-146
-158
-141
-122
-119
-114
-102
-95
-95
-92
-83
-78
-75
-70
-70
-68
-61
-58
-58
-53
-51
-53
-51
-48
-48
-46
-44
-46
-46
-44
-41
-39
-36
-41
-41
-41
-41
-39
-36
-36
-36
-31
-31
-34
-31
-26
-29
-39
-41
-39
-31
-29
-34
-26
-22
-44
-68
-66
-58
-63
-56
-48
-61
-17
239
728
1164
1122
408
-396
-493
-200
-149
-178
-124
-122
-141
-114
-100
-102
-88
-68
-63
-56
-46
-36
-26
-17
-2
7
17
31
48
63
78
97
119
141
168
198
227
244
261
276
278
256
207
136
58
-9
-68
-112
-136
-146
-151
-146
-139
-149
-161
-149
-134
-132
-124
-112
-102
-97
-90
-78
-70
-66
-58
-51
-48
-48
-41
-36
-36
-36
-36
-36
-34
-39
-48
-53
-51
-48
-46
-44
-44
-41
-39
-39
-39
-39
-36
-36
-36
-34
-29
-26
-29
-26
-24
-22
-22
-24
-24
-29
-44
-51
-51
-41
-26
-26
-51
-66
-61
-53
-46
-46
-58
-7
269
770
1195
1105
339
-437
-464
-149
-117
-176
-129
-110
-119
-105
-88
-83
-73
-61
-51
-41
-31
-26
-19
-4
2
2
7
24
39
48
68
90
112
134
161
193
220
239
261
276
269
244
200
132
53
-17
-70
-110
-144
-173
-176
-163
-158
-154
-139
-129
-124
-122
-114
-105
-100
-92
-83
-75
-73
-66
-56
-48
-48
-44
-39
-36
-36
-31
-29
-29
-34
-31
-26
-26
-29
-29
-29
-26
-26
-24
-19
-19
-24
-26
-24
-31
-39
-39
-34
-36
-34
-31
-26
-29
-29
-26
-29
-46
-58
-39
-31
-46
-39
-17
-24
-48
-56
-51
-46
-44
-41
-48
4
286
782
1171
1024
242
-469
-440
-144
-132
-171
-124
-117
-127
-102
-88
-88
-78
-63
-53
-46
-36
-26
-19
-12
0
12
24
31
46
61
78
95
117
141
163
183
212
239
251
251
251
232
171
80
2
-53
-105
-146
-163
-168
-171
-168
-161
-151
-146
-136
-124
-114
-112
-107
-95
-88
-83
-75
-68
-66
-63
-58
-51
-48
-48
-44
-41
-44
-44
-36
-34
-36
-39
-36
-34
-34
-36
-34
-29
-26
-29
-26
-26
-31
-29
-24
-19
-19
-29
-31
-24
-22
-26
-26
-26
-48
-66
-61
-56
-63
-53
-41
-44
-39
-26
-29
-56
-68
-61
-51
-46
-48
-53
26
342
841
1183
951
124
-511
-398
-139
-154
-168
-127
-134
-134
-107
-92
-85
-78
-73
-61
-48
-41
-34
-22
-14
-2
12
24
36
48
63
80
97
117
146
176
193
195
205
232
249
242
215
158
83
14
-44
-95
-136
-158
-173
-180
-176
-163
-158
-151
-141
-132
-124
-119
-110
-97
-90
-85
-83
-75
-70
-66
-63
-58
-51
-48
-48
-48
-48
-48
-51
-48
-48
-51
-48
-39
-39
-44
-46
-44
-44
-41
-36
-34
-34
-46
-68
-70
-63
-63
-63
-56
-53
-53
-51
-44
-36
-36
-36
-24
-9
-12
-36
-51
-48
-48
-46
-44
-48
12
303
816
1210
1056
259
-474
-459
-178
-163
-178
-124
-127
-132
-102
-92
-95
-80
-68
-63
-53
-39
-29
-22
-14
-4
7
22
34
48
63
78
100
127
144
149
163
198
224
234
246
246
220
168
97
22
-44
-97
-132
-149
-161
-161
-156
-151
-146
-136
-132
-124
-119
-112
-105
-95
-90
-83
-70
-66
-63
-63
-63
-58
-53
-53
-46
-41
-41
-39
-39
-41
-44
-41
-36
-36
-39
-36
-34
-31
-34
-34
-36
-51
-70
-68
-56
-56
-61
-56
-53
-58
-58
-53
-48
-41
-31
-31
-26
-9
-7
-24
-36
-36
-36
-31
-31
-51
-31
183
655
1142
1200
550
-330
-542
-222
-117
-188
-156
-122
-134
-122
-100
-95
-88
-75
-75
-70
-53
-44
-39
-26
-14
-2
7
22
31
46
63
85
107
129
154
185
212
234
249
264
261
220
161
100
29
-44
-97
-129
-151
-163
-161
-156
-154
-146
-134
-124
-117
-114
-107
-97
-92
-88
-80
-73
-70
-66
-56
-48
-46
-46
-48
-44
-39
-41
-36
-34
-39
-39
-34
-34
-34
-34
-36
-44
-46
-41
-36
-44
-66
-73
-58
-56
-58
-51
-46
-48
-46
-39
-36
-41
-48
-51
-41
-29
-34
-31
-17
-14
-29
-41
-39
-39
-36
-29
-36
-31
134
564
1058
1188
638
-234
-533
-246
-110
-171
-151
-119
-129
-119
-102
-97
-90
-80
-75
-70
-58
-48
-39
-29
-17
-7
2
14
29
44
58
75
97
112
114
127
161
190
205
222
234
217
173
110
36
-29
-85
-124
-149
-166
-176
-168
-154
-149
-144
-134
-124
-117
-110
-102
-95
-90
-85
-75
-68
-63
-58
-53
-51
-46
-46
-41
-34
-36
-39
-34
-29
-34
-34
-29
-31
-39
-39
-34
-31
-34
-29
-26
-36
-53
-61
-53
-48
-48
-44
-36
-39
-39
-41
-46
-46
-41
-39
-39
-36
-26
-22
-26
-17
-4
-12
-29
-34
-36
-34
-26
-29
-36
56
391
895
1205
909
51
-525
-369
-132
-163
-171
-117
-122
-129
-107
-95
-88
-75
-61
-53
-51
-44
-34
-24
-14
-2
9
17
22
22
19
36
66
92
119
151
173
198
222
242
254
244
212
156
83
7
-61
-117
-146
-163
-173
-168
-163
-156
-146
-141
-136
-124
-110
-107
-110
-105
-95
-88
-78
-73
-66
-58
-56
-56
-48
-46
-44
-44
-39
-39
-44
-41
-36
-34
-41
-41
-39
-36
-53
-73
-66
-53
-58
-56
-51
-51
-51
-48
-44
-41
-41
-36
-34
-34
-39
-41
-39
-26
-22
-24
-19
-2
2
-12
-26
-29
-29
-31
-26
-31
-9
202
674
1144
1186
545
-313
-533
-244
-149
-190
-146
-124
-136
-119
-102
-100
-85
-70
-68
-63
-48
-39
-31
-19
-7
-7
-17
-7
17
34
46
70
95
119
146
176
205
227
242
251
254
234
180
110
36
-34
-90
-124
-151
-163
-163
-158
-154
-146
-139
-129
-122
-114
-105
-97
-100
-102
-92
-78
-73
-68
-61
-53
-53
-51
-48
-48
-48
-46
-41
-41
-41
-41
-41
-44
-58
-75
-70
-58
-63
-63
-53
-51
-53
-51
-46
-44
-44
-41
-34
-31
-34
-34
-34
-36
-36
-34
-36
-44
-34
-17
-22
-22
-4
2
-14
-26
-26
-26
-26
-29
-44
-31
161
613
1112
1227
635
-259
-535
-234
-119
-200
-171
-127
-144
-134
-110
-107
-100
-88
-78
-68
-66
-78
-80
-56
-44
-39
-24
-4
9
24
44
63
85
107
139
171
198
220
242
256
259
244
202
134
56
-17
-70
-110
-139
-154
-156
-151
-146
-136
-127
-119
-114
-110
-102
-95
-90
-83
-75
-70
-66
-56
-48
-46
-46
-39
-34
-31
-31
-26
-36
-61
-78
-73
-66
-68
-70
-70
-68
-63
-61
-56
-53
-53
-51
-44
-39
-41
-39
-34
-31
-31
-34
-34
-34
-34
-31
-26
-24
-22
-22
-22
-22
-17
-4
0
-7
-2
4
-12
-36
-41
-36
-34
-31
-34
-39
41
366
877
1220
968
124
-496
-371
-112
-136
-161
-112
-110
-119
-97
-83
-88
-95
-100
-95
-88
-78
-63
-53
-46
-36
-22
-9
4
19
36
56
75
97
127
156
180
205
229
251
261
256
232
176
100
26
-34
-83
-114
-136
-144
-141
-139
-132
-124
-119
-114
-105
-97
-95
-88
-83
-78
-73
-68
-63
-53
-48
-46
-39
-34
-46
-63
-63
-53
-53
-56
-51
-44
-46
-48
-44
-39
-41
-41
-48
-53
-48
-46
-48
-48
-44
-39
-39
-39
-41
-36
-34
-36
-34
-26
-26
-26
-29
-29
-29
-26
-22
-19
-14
-12
-19
-17
-2
-2
-24
-39
-31
-26
-29
-31
-41
-14
210
679
1132
1144
484
-335
-489
-212
-158
-195
-149
-136
-144
-117
-102
-105
-90
-73
-70
-63
-46
-31
-26
-24
-9
9
17
24
29
36
53
78
100
122
149
180
207
229
254
271
273
256
210
141
68
2
-61
-105
-132
-149
-156
-151
-139
-129
-124
-117
-110
-102
-102
-97
-90
-97
-114
-112
-95
-90
-85
-75
-68
-63
-58
-58
-58
-51
-48
-46
-44
-46
-48
-46
-39
-41
-44
-39
-34
-36
-39
-36
-39
-41
-39
-34
-39
-46
-44
-39
-36
-36
-31
-26
-26
-31
-34
-34
-26
-24
-29
-22
-7
-4
-22
-34
-36
-34
-26
-22
-34
-14
190
652
1127
1186
569
-293
-545
-261
-149
-193
-154
-129
-141
-127
-105
-100
-90
-78
-70
-61
-48
-41
-29
-17
-2
4
14
29
46
58
75
95
117
141
166
195
224
244
259
271
264
237
190
124
48
-24
-80
-119
-149
-166
-166
-158
-151
-144
-136
-129
-127
-136
-141
-124
-114
-114
-105
-90
-83
-78
-68
-61
-58
-53
-46
-46
-51
-48
-44
-44
-44
-44
-41
-41
-39
-39
-36
-36
-36
-31
-29
-31
-36
-36
-31
-31
-34
-29
-24
-24
-26
-26
-22
-22
-22
-19
-19
-29
-36
-41
-48
-46
-31
-34
-34
-14
-4
-19
-36
-51
-70
-66
-51
-61
-61
90
506
1022
1230
765
-129
-550
-295
-107
-166
-163
-119
-127
-124
-102
-95
-88
-73
-66
-58
-46
-36
-29
-19
-7
2
14
26
41
53
66
83
107
129
154
183
212
234
254
273
283
271
232
173
102
29
-36
-88
-124
-158
-185
-185
-178
-173
-163
-151
-141
-134
-124
-112
-107
-102
-92
-85
-78
-73
-68
-61
-56
-53
-46
-44
-46
-44
-39
-36
-36
-36
-41
-44
-41
-39
-36
-34
-36
-34
-29
-29
-36
-39
-34
-31
-34
-31
-26
-26
-26
-24
-22
-22
-19
-17
-19
-22
-24
-24
-29
-34
-34
-24
-14
-34
-53
-39
-26
-46
-66
-68
-68
-63
-56
-61
-51
105
515
1014
1188
689
-180
-533
-264
-105
-166
-151
-110
-124
-117
-95
-92
-88
-70
-56
-53
-48
-39
-26
-19
-9
4
14
24
36
51
68
83
100
124
149
178
205
232
249
246
234
227
198
136
66
-2
-61
-105
-136
-151
-156
-161
-158
-151
-141
-134
-127
-119
-112
-107
-107
-105
-95
-90
-85
-70
-61
-58
-56
-53
-53
-48
-44
-41
-39
-39
-39
-36
-36
-34
-34
-34
-36
-39
-39
-39
-36
-44
-44
-39
-41
-41
-34
-31
-34
-34
-29
-26
-29
-31
-29
-34
-58
-68
-63
-66
-70
-66
-48
-36
-41
-41
-22
-14
-31
-46
-53
-53
-48
-41
-46
-44
75
452
956
1195
809
-48
-533
-335
-136
-173
-154
-110
-124
-124
-102
-92
-88
-73
-66
-61
-48
-36
-26
-19
-9
0
4
14
31
48
58
75
97
122
129
134
166
202
220
232
246
246
212
154
85
14
-51
-100
-132
-151
-163
-163
-156
-151
-149
-139
-127
-119
-117
-110
-100
-95
-90
-78
-68
-66
-63
-58
-58
-63
-61
-53
-48
-51
-51
-46
-44
-48
-48
-46
-46
-46
-41
-44
-48
-48
-41
-41
-41
-41
-44
-46
-48
-63
-73
-66
-61
-66
-61
-58
-61
-63
-66
-61
-48
-46
-44
-31
-17
-22
-39
-46
-41
-41
-36
-36
-46
24
335
853
1230
1039
215
-489
-437
-156
-146
-171
-122
-122
-124
-102
-92
-92
-80
-75
-75
-61
-48
-41
-31
-19
-4
7
14
29
44
48
44
63
95
117
141
173
195
217
237
249
249
224
173
102
26
-44
-92
-127
-149
-158
-158
-156
-149
-139
-132
-122
-114
-112
-102
-92
-88
-80
-73
-63
-58
-53
-46
-46
-48
-48
-41
-39
-39
-36
-36
-36
-39
-36
-36
-39
-39
-44
-46
-53
-51
-46
-48
-56
-73
-85
-75
-68
-70
-70
-63
-61
-61
-53
-51
-53
-56
-53
-53
-51
-44
-39
-39
-34
-17
-14
-34
-46
-46
-39
-34
-34
-46
-17
212
687
1144
1146
459
-369
-496
-180
-110
-173
-134
-110
-124
-110
-92
-90
-80
-70
-63
-51
-41
-34
-26
-17
-17
-24
-19
0
14
22
36
51
70
97
124
151
178
205
224
239
242
224
185
122
46
-24
-83
-124
-146
-158
-161
-156
-154
-146
-134
-124
-119
-110
-102
-97
-92
-83
-73
-68
-66
-61
-53
-48
-46
-41
-41
-41
-41
-36
-36
-36
-39
-41
-44
-46
-41
-39
-44
-58
-75
-68
-56
-58
-61
-53
-51
-53
-53
-51
-48
-51
-61
-61
-56
-56
-56
-53
-51
-48
-41
-31
-22
-29
-31
-17
-26
-51
-58
-51
-53
-46
-39
-51
-41
144
584
1066
1161
572
-278
-523
-229
-112
-168
-139
-112
-127
-112
-90
-88
-80
-66
-66
-78
-80
-61
-48
-44
-34
-19
-7
2
17
31
46
66
90
112
136
163
193
217
237
251
259
244
200
134
66
0
-58
-105
-134
-149
-154
-154
-144
-134
-129
-127
-122
-112
-105
-100
-90
-83
-83
-75
-61
-53
-58
-56
-48
-46
-41
-36
-36
-39
-36
-31
-31
-36
-39
-39
-36
-51
-70
-63
-58
-63
-58
-56
-61
-61
-53
-48
-48
-51
-51
-46
-46
-48
-46
-41
-41
-44
-46
-34
-24
-26
-22
-4
-4
-34
-58
-56
-46
-46
-44
-48
-34
166
630
1100
1154
542
-303
-528
-244
-151
-188
-139
-119
-141
-119
-100
-119
-127
-102
-90
-90
-78
-63
-53
-44
-29
-12
-2
7
24
44
61
80
102
122
144
168
198
224
242
256
261
249
205
141
68
-4
-66
-110
-134
-149
-156
-154
-146
-136
-132
-124
-119
-124
-122
-112
-102
-95
-88
-78
-68
-61
-61
-61
-56
-51
-51
-44
-39
-41
-44
-41
-39
-53
-73
-73
-66
-70
-70
-61
-56
-56
-56
-51
-51
-48
-46
-44
-39
-39
-39
-39
-39
-41
-46
-48
-36
-29
-34
-22
-4
-9
-31
-36
-34
-34
-36
-36
-48
-7
259
762
1198
1120
366
-432
-491
-180
-139
-198
-161
-141
-149
-127
-112
-112
-105
-97
-105
-112
-97
-80
-73
-61
-41
-29
-17
-2
17
31
48
70
95
119
146
176
205
227
242
251
254
232
180
112
39
-34
-88
-119
-146
-161
-161
-154
-146
-139
-129
-119
-112
-107
-100
-90
-85
-80
-73
-68
-63
-58
-51
-44
-41
-41
-36
-31
-31
-34
-36
-46
-58
-75
-80
-70
-70
-75
-68
-61
-61
-58
-53
-53
-53
-48
-44
-41
-41
-41
-36
-31
-31
-29
-29
-31
-36
-31
-17
-12
-19
-9
7
0
-22
-26
-24
-24
-22
-26
-36
24
317
819
1200
1024
210
-489
-427
-139
-139
-176
-127
-122
-132
-112
-97
-112
-122
-107
-90
-88
-80
-63
-51
-41
-39
-31
-17
-2
7
22
41
61
85
114
141
168
193
215
232
244
244
220
168
97
26
-36
-85
-119
-141
-149
-149
-146
-136
-127
-122
-117
-107
-97
-92
-85
-83
-83
-80
-70
-63
-58
-56
-51
-46
-41
-41
-39
-34
-44
-63
-73
-61
-58
-63
-61
-53
-51
-53
-48
-44
-46
-46
-39
-34
-34
-39
-44
-46
-46
-44
-36
-36
-39
-36
-29
-26
-26
-29
-24
-12
-9
-14
-2
9
-7
-26
-26
-24
-26
-22
-24
-31
61
401
909
1205
885
29
-520
-354
-124
-158
-173
-139
-163
-166
-134
-124
-122
-102
-88
-85
-75
-61
-51
-41
-29
-17
-7
4
14
29
46
63
85
110
132
154
183
210
227
234
237
234
207
154
85
17
-46
-95
-124
-141
-154
-154
-149
-139
-134
-129
-117
-107
-107
-102
-88
-80
-78
-73
-63
-58
-51
-48
-44
-44
-63
-83
-75
-66
-70
-68
-61
-58
-58
-53
-53
-56
-53
-48
-46
-46
-46
-44
-41
-41
-41
-34
-31
-39
-44
-39
-31
-31
-29
-26
-31
-34
-26
-19
-31
-39
-26
-17
-29
-44
-48
-46
-39
-36
-44
-39
100
496
1000
1215
777
-105
-547
-320
-156
-217
-193
-146
-163
-161
-136
-127
-119
-105
-92
-85
-83
-75
-61
-51
-39
-26
-9
2
14
31
48
66
83
107
136
168
193
217
237
251
259
246
212
151
70
0
-56
-105
-139
-154
-156
-158
-158
-156
-154
-154
-144
-132
-122
-117
-105
-97
-95
-90
-80
-68
-61
-61
-58
-48
-51
-66
-80
-73
-66
-68
-68
-66
-66
-66
-63
-58
-56
-53
-58
-58
-53
-51
-48
-44
-41
-44
-39
-34
-34
-34
-31
-31
-34
-26
-17
-22
-24
-7
0
-12
-29
-29
-26
-26
-26
-34
-26
114
518
1036
1252
789
-122
-574
-332
-149
-222
-224
-168
-173
-173
-144
-134
-129
-114
-100
-90
-83
-75
-63
-48
-36
-26
-9
4
14
31
53
73
90
112
139
161
185
210
232
244
249
239
202
134
58
-12
-70
-112
-139
-154
-154
-151
-149
-139
-129
-122
-119
-110
-102
-100
-95
-88
-80
-75
-70
-61
-58
-61
-58
-51
-48
-63
-83
-88
-80
-80
-80
-70
-68
-70
-68
-63
-58
-58
-56
-51
-48
-48
-46
-41
-39
-36
-34
-34
-31
-29
-26
-24
-26
-31
-31
-22
-12
-9
-17
-12
2
2
-17
-26
-26
-26
-22
-19
-31
-4
212
679
1142
1161
493
-347
-511
-200
-114
-183
-168
-158
-163
-144
-124
-122
-114
-100
-92
-85
-70
-58
-53
-51
-41
-29
-19
-4
14
29
44
61
85
112
136
168
195
215
232
249
251
232
185
117
44
-19
-75
-119
-144
-156
-156
-151
-144
-139
-132
-122
-114
-107
-100
-95
-90
-88
-80
-70
-66
-61
-56
-53
-58
-70
-68
-56
-63
-70
-63
-58
-61
-61
-56
-61
-68
-61
-53
-53
-53
-51
-48
-46
-51
-53
-46
-46
-48
-41
-34
-36
-36
-31
-29
-29
-26
-22
-22
-19
-9
-7
-14
-7
4
-4
-24
-31
-29
-24
-22
-29
-41
24
313
804
1181
1014
220
-493
-464
-171
-158
-202
-156
-144
-154
-132
-114
-112
-97
-85
-80
-73
-66
-58
-44
-29
-19
-9
0
14
29
41
58
80
100
124
149
168
183
210
234
242
237
215
166
97
24
-41
-92
-129
-149
-158
-158
-156
-149
-136
-127
-122
-122
-117
-107
-100
-97
-90
-78
-83
-102
-102
-88
-83
-83
-78
-75
-73
-68
-58
-56
-61
-61
-58
-56
-53
-51
-48
-48
-48
-48
-46
-41
-41
-41
-46
-53
-51
-46
-44
-41
-36
-34
-31
-36
-39
-41
-41
-34
-36
-41
-26
-12
-19
-41
-46
-41
-41
-36
-34
-41
53
405
917
1212
902
44
-557
-432
-195
-210
-198
-146
-161
-158
-129
-124
-117
-95
-85
-85
-75
-61
-51
-44
-31
-17
-4
4
19
36
53
68
90
117
139
163
193
220
237
251
261
254
220
158
83
12
-51
-97
-124
-144
-158
-166
-161
-149
-146
-139
-129
-122
-117
-110
-97
-100
-117
-119
-100
-90
-90
-83
-75
-70
-70
-68
-63
-61
-63
-58
-53
-53
-56
-53
-53
-56
-53
-48
-48
-48
-46
-44
-41
-41
-41
-36
-36
-36
-36
-31
-29
-34
-34
-29
-22
-24
-31
-26
-12
-14
-31
-39
-39
-41
-36
-31
-46
-22
195
672
1149
1190
530
-349
-564
-269
-166
-222
-188
-161
-168
-151
-134
-132
-117
-100
-92
-88
-78
-70
-61
-46
-34
-22
-12
4
22
36
51
70
92
117
144
176
202
224
242
254
259
237
183
114
39
-31
-83
-119
-139
-151
-156
-151
-146
-146
-139
-127
-122
-117
-107
-97
-92
-90
-85
-75
-75
-90
-95
-83
-83
-88
-80
-70
-70
-73
-68
-63
-63
-63
-61
-58
-61
-61
-56
-51
-53
-58
-53
-48
-48
-46
-41
-41
-46
-53
-56
-53
-48
-48
-46
-44
-44
-46
-41
-34
-29
-34
-26
-12
-9
-26
-39
-39
-39
-34
-26
-39
-31
139
577
1063
1164
582
-288
-572
-281
-146
-205
-185
-151
-158
-146
-124
-119
-110
-95
-88
-80
-68
-58
-51
-44
-29
-17
-7
4
19
31
44
63
80
105
129
156
185
212
229
246
254
237
193
119
44
-22
-78
-119
-144
-154
-158
-151
-144
-141
-134
-122
-112
-107
-102
-97
-95
-107
-119
-112
-105
-105
-95
-85
-83
-80
-75
-70
-68
-63
-61
-58
-58
-61
-58
-53
-53
-53
-51
-51
-48
-44
-41
-39
-39
-39
-36
-34
-34
-31
-29
-34
-39
-36
-31
-31
-31
-29
-26
-29
-34
-31
-17
-12
-22
-22
-4
-2
-26
-41
-39
-44
-58
-68
-73
-39
193
670
1107
1068
361
-423
-501
-195
-146
-198
-158
-144
-158
-134
-114
-114
-105
-90
-83
-75
-63
-51
-39
-34
-24
-4
7
17
26
44
61
75
97
127
149
171
200
227
244
254
249
227
185
117
44
-19
-70
-112
-136
-146
-151
-149
-139
-132
-129
-129
-124
-114
-124
-139
-127
-110
-107
-97
-88
-85
-83
-70
-63
-63
-58
-53
-56
-61
-58
-53
-48
-46
-48
-46
-44
-46
-51
-46
-41
-39
-39
-34
-31
-36
-34
-24
-24
-26
-26
-26
-26
-22
-19
-24
-29
-26
-29
-31
-31
-24
-19
-24
-24
-24
-29
-36
-53
-61
-58
-53
-51
-56
-48
105
518
1009
1173
692
-180
-562
-305
-144
-195
-163
-124
-141
-132
-102
-95
-95
-90
-78
-61
-51
-48
-39
-22
-14
-7
9
26
39
46
63
85
107
132
158
185
210
234
254
271
276
261
224
163
88
14
-44
-88
-124
-149
-154
-149
-161
-178
-171
-151
-144
-139
-127
-119
-114
-102
-90
-85
-80
-75
-70
-70
-70
-63
-53
-51
-53
-48
-46
-46
-48
-46
-44
-41
-41
-44
-46
-46
-46
-46
-41
-36
-34
-34
-31
-31
-29
-29
-29
-34
-36
-29
-26
-31
-31
-22
-14
-36
-53
-34
-12
-29
-51
-56
-51
-53
-53
-58
-66
39
405
936
1242
914
29
-547
-381
-141
-173
-176
-129
-136
-134
-107
-100
-97
-83
-75
-75
-68
-51
-41
-34
-22
-7
7
17
29
41
53
68
90
117
141
166
193
220
242
254
264
256
220
158
85
17
-48
-100
-129
-144
-161
-180
-178
-163
-154
-149
-136
-127
-122
-117
-107
-100
-97
-90
-78
-73
-68
-61
-53
-48
-46
-44
-41
-41
-39
-36
-36
-39
-34
-31
-36
-39
-36
-36
-41
-48
-44
-39
-36
-36
-31
-26
-24
-24
-26
-31
-31
-29
-29
-29
-31
-46
-63
-61
-46
-36
-36
-36
-24
-9
-19
-41
-48
-51
-51
-44
-46
-58
17
332
846
1210
997
171
-498
-413
-139
-151
-183
-134
-129
-136
-114
-100
-95
-83
-73
-66
-53
-41
-36
-24
-12
-2
7
22
34
46
58
68
80
102
129
156
183
207
227
244
251
244
217
163
90
12
-68
-127
-154
-173
-188
-178
-166
-163
-158
-146
-134
-127
-122
-110
-100
-97
-90
-80
-73
-68
-61
-56
-51
-46
-44
-41
-44
-48
-44
-41
-41
-41
-39
-36
-39
-41
-34
-29
-34
-39
-31
-29
-29
-26
-22
-22
-24
-22
-14
-12
-14
-29
-36
-29
-39
-63
-66
-53
-58
-53
-31
-31
-36
-17
-7
-26
-48
-48
-44
-48
-51
-51
-31
136
555
1039
1173
630
-232
-525
-246
-122
-183
-149
-114
-127
-114
-90
-90
-90
-83
-70
-61
-48
-39
-29
-19
-9
-2
12
26
41
53
73
92